126.816
109.08
109.073
109.866
108.654
109.987
110.858
110.583
110.179
110.326
110.34
108.317
107.038
106.969
107.917
110.972
114.981
115.452
115.181
127.121
143.981
121.636
130.263
137.666
121.952
125.996
122.716
117.367
115.371
116.359
119.478
131.396
142.763
128.992
131.175
131.426
120.207
129.05
123.609
120.398
124.913
122.708
117.339
117.038
122.756
128.706
126.494
129.204
140.409
151.849
138.448
134.254
148.814
174.279
154.66
130.492
122.347
133.705
151.307
153.877
137.658
158.691
178.673
151.898
126.586
127.537
131.591
128.912
130.821
168.759
147.277
152.848
172.944
147.062
124.849
128.593
126.268
126.952
123.469
121.483
131.377
174.448
146.579
121.119
132.122
164.155
137.365
113.362
116.234
111.121
105.326
116.707
127.422
111.924
101.7
100.551
