123.483
108.589
108.268
108.669
108.221
109.151
110.054
109.544
109.008
109.735
109.458
108.187
106.173
105.761
106.815
109.84
114.323
114.272
114.495
124.834
140.999
119.879
128.264
133.833
119.547
122.679
120.61
115.354
114.583
114.409
117.142
127.62
139.605
125.261
128.514
128.825
117.797
125.826
121.989
119.557
123.079
120.781
117.119
116.178
121.012
127.773
124.144
127.223
140.302
149.704
139.659
131.24
145.975
184.96
176.91
149.431
122.791
130.3
152.187
151.445
136.242
156.581
175.12
177.519
130.323
123.611
129.321
126.91
130.173
175.396
183.007
152.68
184.765
161.925
136.268
128.104
124.744
124.025
122.508
120.04
129.219
177.583
174.644
123.372
128.865
162.909
144.87
112.72
115.518
109.773
105.219
117.871
124.109
110.087
101.019
101.28
