129.273
111.912
113.079
113.829
114.011
115.201
116.439
115.303
115.294
116.739
115.965
112.217
110.822
109.352
111.206
120.154
125.36
127.566
128.578
159.996
193.246
159.81
168.179
192.425
146.992
152.739
141.619
130.433
130.911
131.064
136.889
163.025
192.86
165.55
179.676
173.21
139.539
161.058
144.59
142.079
150.881
131.025
122.681
124.942
131.052
137.973
133.05
140.588
157.942
181.616
156.217
138.166
153.949
193.408
174.021
142.398
125.852
133.532
155.364
149.731
137.496
161.009
179.973
175.873
127.911
126.812
130.705
125.915
135.74
185.451
173.271
163.656
192.225
161.675
129.241
128.531
126.102
123.79
120.529
119.335
134.462
177.494
170.581
122.323
144.402
188.754
173.418
118.957
118.676
110.031
104.634
131.601
150.265
111.709
101.758
102.458
