123.046
112.633
114.871
115.512
114.231
114.852
118.027
115.713
115.181
118.667
117.04
115.049
111.68
112.394
115.134
116.775
123.408
126.825
125.419
145.63
166.764
139.533
151.338
135.933
121.594
144.983
138.44
128.889
126.041
126.282
135.229
147.95
168.289
139.154
147.2
154.861
133.586
138.391
142.15
133.345
146.764
131.667
119.733
125.145
127.627
132.37
131.1
134.728
140.677
153.017
147.981
138.166
135.323
175.255
160.904
127.322
121.358
130.25
146.327
141.752
136.491
151.21
152.307
150.785
127.255
125.319
128.833
129.016
125.594
169.844
148.931
149.218
190.959
173.85
126.274
125.154
121.72
123.069
123.431
122.764
128.207
160.208
149.031
122.859
135.651
165.395
167.317
116.213
118.212
113.926
109.123
119.884
146.049
114.013
104.364
106.314
