130.671
110.847
115.008
115.29
113.056
113.941
112.154
116.571
114.665
116.261
116.565
110.54
110.406
109.402
112.342
116.967
117.525
126.791
125.087
147.813
166.854
138.723
135.643
150.469
143.581
140.217
142.023
126.152
130.089
124.197
131.021
164.969
152.796
141.264
170.262
134.891
131.833
146.393
144.304
135.175
125.031
127.083
122.165
121.222
132.077
129.401
127.47
140.267
145.665
174.419
131.133
131.078
128.155
172.792
156.477
128.496
125.498
119.971
143.437
147.827
130.131
131.681
158.221
160.893
122.513
126.71
125.426
117.418
132.691
168.971
151.452
151.009
171.654
138.194
124.205
131.25
123.303
125.931
119.694
118.148
122.66
167.958
147.421
124.31
125.585
171.088
145.777
118.703
121.084
112.627
108.102
136.277
127.056
111.604
104.222
103.608
