122.696
112.512
116.079
114.558
112.09
114.588
115.123
115.196
114.294
117.602
114.375
112.012
109.786
110.517
111.458
117.9
125.406
128.208
127.121
160.394
156.766
137.554
165.085
144.968
140.021
151.896
137.296
129.933
128.379
129.855
135.881
164.814
154.518
146.911
164.988
153.164
138.221
157.3
142.908
140.948
149.985
131.056
120.77
121.78
130.345
135.525
133.1
140.791
157.596
173.485
134.485
136.887
154.421
167.292
149.902
126.618
126.156
134.519
154.888
148.987
137.562
160.803
167.277
144.059
123.1
126.829
131.014
127.719
138.512
165.308
135.162
161.215
157.792
132.876
126
130.587
125.782
123.28
122.532
119.902
138.785
159.302
143.36
121.916
145.612
161.709
142.338
115.714
119.708
110.567
106.994
134.894
149.475
114.025
103.819
103.929
