0.0141979
0.0128615
0.0127516
0.0126982
0.0127547
0.0129862
0.0129306
0.013053
0.0131901
0.0138121
0.0140605
0.0141954
0.0135011
0.0133618
0.0129749
0.0133933
0.0135187
0.0133844
0.0133176
0.0130626
0.01371
0.0134442
0.0130205
0.013089
0.0131109
0.0130575
0.0129846
0.0130375
0.0130531
0.0133613
0.0138311
0.0138135
0.0146066
0.0145129
0.0146111
0.01486
0.0145987
0.0148746
0.0147594
0.0148756
0.0149058
0.0179979
0.0196323
0.0202279
0.0203782
0.0208226
0.0194599
0.019804
0.0201666
0.0196278
0.0195116
0.044645
0.204114
1.53631
2.37291
2.66378
2.75641
1.48816
2.14621
2.92916
6.27896
10.7492
14.6929
14.7152
14.8297
15.9436
14.8946
15.7986
15.5906
15.3067
16.0726
14.5664
15.1529
14.7537
14.1509
14.6785
17.0123
14.896
16.4091
15.7515
14.6086
14.5908
12.0433
9.90518
9.12807
2.23354
0.0311212
0.0196524
0.019013
0.0185892
0.0188387
0.0183684
0.0151851
0.01472
0.0149637
0.0139068
