0.0132252
0.0124605
0.0122912
0.0124256
0.0125059
0.0124848
0.0126456
0.0126581
0.012929
0.0130643
0.0132466
0.0137046
0.0141986
0.0131586
0.0127076
0.0130802
0.0134882
0.0137574
0.0136685
0.0132917
0.0139051
0.0134507
0.0130519
0.0129187
0.0132176
0.0130204
0.0130072
0.0130819
0.0132359
0.0134789
0.0137457
0.0142519
0.0143332
0.0146127
0.0147161
0.0149367
0.0147638
0.0152096
0.0148452
0.0149248
0.0149253
0.0173373
0.0195992
0.0190959
0.0194411
0.0199313
0.018688
0.0189659
0.0195548
0.01936
0.0193286
0.021214
0.133909
0.362348
0.737861
0.213939
0.103454
0.284256
0.245196
1.28571
2.62666
2.99324
1.62009
0.851464
0.676111
0.602242
0.671735
1.28627
1.34297
1.57811
1.3619
1.12231
0.98461
1.70646
0.849748
1.86982
0.984122
0.47769
0.408314
0.643368
0.33098
0.0570105
0.192106
0.409424
0.0198033
0.0195462
0.0202127
0.0193583
0.0191797
0.019226
0.0189053
0.0192263
0.017634
0.0146481
0.0151408
0.683029
