0.0209864
0.020553
0.020373
0.0210897
0.0204796
0.020725
0.0212371
0.0214805
0.0214154
0.0220976
0.0233925
0.0219677
0.0222174
0.0216608
0.0217289
0.0215059
0.0217226
0.0222806
0.0219404
0.0218443
0.0227107
0.0225559
0.0215635
0.0214537
0.0215798
0.0213479
0.0213317
0.0220666
0.0220142
0.021843
0.0220324
0.0225132
0.0248462
0.0248889
0.0250398
0.0247479
0.0263091
0.0265326
0.0304448
0.0302922
0.0334968
0.0370733
0.115055
0.471231
0.0720065
1.03771
2.31987
3.63204
6.27475
10.234
13.2237
13.8951
14.6068
15.0324
15.9587
15.8292
15.7053
15.3754
15.4152
15.4127
15.2435
14.8765
14.5363
14.7484
14.9005
14.7378
14.6481
14.7543
14.3173
15.1217
15.4829
15.6106
15.3541
15.4197
15.4408
15.5253
15.8894
15.6532
15.777
15.8596
16.1742
16.3207
16.2673
16.3655
16.4753
16.1997
16.1973
15.9499
15.7647
16.2292
16.2966
15.9017
15.4322
15.9063
16.7463
16.8
