0.0168719
0.0194844
0.0180248
0.015777
0.0171277
0.0192217
0.0172618
0.0173971
0.0189277
0.0178115
0.0195174
0.0166765
0.0190732
0.0178435
0.0186148
0.0173774
0.0195563
0.0181532
0.018208
0.0190259
0.0163105
0.0204009
0.0147384
0.018962
0.017313
0.0189559
0.0174396
0.0186212
0.0179817
0.0188132
0.0181618
0.0191519
0.0172549
0.0185719
0.0207407
0.0199347
0.0199859
0.0207547
0.02235
0.0159848
0.017219
0.0276924
0.0384083
0.126306
0.176212
0.26704
0.0973126
0.0418662
0.109991
0.619583
0.0742132
0.0315911
0.0541311
0.0172805
0.320072
0.190147
0.0826291
0.506425
0.0610818
0.249007
0.365018
1.60244
3.33943
6.65572
8.24552
10.6583
14.0715
13.5155
12.6632
14.1803
11.9343
12.7593
12.4464
14.0723
13.7507
15.0756
14.2414
13.3879
13.6477
12.4479
12.2289
11.3418
9.80984
8.67935
5.22395
6.05817
4.256
4.39261
1.28421
1.02452
0.0201336
0.042855
0.0284838
0.462718
0.381855
