0.0155213
0.0147235
0.0185216
0.0198703
0.0186246
0.0203749
0.0173574
0.0159887
0.0152675
0.0207816
0.0186337
0.018855
0.0209588
0.0196188
0.0150019
0.0183131
0.0197001
0.018074
0.0202305
0.0194649
0.0183128
0.0207817
0.0191302
0.0144549
0.0187277
0.018785
0.01707
0.0202992
0.0200299
0.0150373
0.0182362
0.020063
0.0170727
0.0207049
0.0213629
0.0164847
0.0198756
0.0222546
0.0180396
0.0236823
0.029148
0.0170156
0.0163542
0.0454527
0.415308
0.0168075
0.0234271
0.0924188
0.0185239
0.0157899
0.0263105
0.219266
0.0165337
0.0581154
0.625363
0.243484
0.0215962
0.317651
0.0191289
0.0250046
1.59502
1.677
0.476235
1.32297
0.441146
0.0231871
0.62057
1.3759
2.16129
1.65646
0.54882
1.35757
3.14366
4.34761
1.77809
0.192192
0.857801
0.909838
0.436074
0.639994
0.664164
0.0301306
0.0607319
0.218734
0.0176088
0.273611
1.05969
0.0182931
0.074684
0.274384
0.0178142
0.0186766
0.245864
0.664783
0.451655
0.0216289
