0.0128789
0.0205627
0.0201752
0.020481
0.0202797
0.0204057
0.0206843
0.0205179
0.0209943
0.0210007
0.0223194
0.0216685
0.0219866
0.0212017
0.020931
0.0208584
0.0215594
0.0219776
0.0213955
0.0215432
0.0213111
0.0220357
0.0207858
0.0209539
0.021037
0.0211868
0.0210067
0.021415
0.0210874
0.021363
0.0220668
0.0247732
0.0231163
0.0246038
0.0250908
0.025099
0.0263408
0.0271536
0.0285158
0.0271284
0.0304639
0.0368278
0.0657003
0.0972342
0.0664349
0.202689
0.0338282
0.047626
0.0750039
0.06599
0.0530257
0.046415
0.0419393
0.271092
0.106742
0.11001
0.0433212
0.0558721
0.0679631
0.403487
0.393822
0.475692
0.4075
0.233532
0.305993
0.430471
0.226697
0.399563
0.545773
0.417175
0.392238
0.534075
0.389793
0.372616
0.333092
0.343297
0.193658
0.151804
0.242795
0.368971
0.12131
0.0410423
0.062659
0.0591515
0.095739
0.183825
0.123219
0.0628324
0.0702943
0.0454775
0.0438816
0.0392494
0.130819
0.482788
0.118026
0.0141037
