126.594
110.696
110.575
111.207
109.523
107.758
107.671
107.968
108.373
104.804
102.304
100.175
102.452
104.414
108
108.2
105.159
104.202
103.673
105.12
105.239
101.706
106.399
109
108.891
109.727
110.997
112.272
113.425
114.819
116.621
118.773
120.438
122.362
123.35
122.653
124.213
123.78
126.196
128.229
127.08
136.899
148.758
151.169
151.644
154.35
151.069
149.102
151.973
152.387
150.806
155.548
168.025
181.598
193.457
171.946
185.102
173.006
175.613
169.453
175.09
155.917
170.326
160.858
170.09
160.903
167.071
163.932
163.801
166.298
160.924
170.204
157.277
172.075
156.917
168.156
161.013
168.268
160.141
166.261
165.048
161.763
166.892
158.038
164.423
156.552
152.607
151.575
150.612
148.244
147.079
142.132
136.906
135.981
119.735
97.8324
