124.686
111.532
109.985
109.317
107.774
106.519
106.639
107.75
106.373
103.136
99.2037
99.9025
101.493
104.283
107.117
106.487
103.279
103.926
103.031
104.583
104.233
101.089
106.103
107.908
108.284
108.618
109.699
110.865
112.225
113.348
115.681
116.819
117.758
118.746
120.566
122.08
122.179
123.388
124.042
124.612
124.709
132.904
147.908
147.711
148.906
152.335
146.807
147.336
148.118
148.063
146.412
148.233
166.079
163.552
174.494
164.665
160.507
167.515
171.471
154.192
166.456
159.738
170.07
166.024
162.562
161.648
169.238
166.398
167.638
175.228
166.922
161.102
154.523
163.451
173.023
165.311
162.836
164.227
159.104
165.746
153.704
163.098
172.985
166.577
149.385
150.767
149.658
148.114
147.062
144.794
142.498
146.069
133.435
128.182
109.165
96.8792
