128.43
117.702
116.652
116.31
113.459
111.795
112.727
112.727
111.979
106.849
102.55
102.152
104.261
107.579
113.496
111.181
106.654
107
105.656
107.535
107.962
104.846
112.097
113.507
113.299
115.057
118.094
120.577
123.857
127.243
135.655
137.784
139.773
145.073
148.086
151.152
152.674
153.35
156.705
159.602
159.81
162.889
170.846
180.461
171.662
177.551
167.318
159.794
157.744
157.536
155.961
157.273
157.162
157.424
157.668
157.652
157.502
157.452
157.274
158.702
158.052
158.417
157.756
157.803
157.944
158.532
156.244
157.579
157.375
156.748
157.575
157.788
152.966
157.388
157.448
156.825
157.102
157.504
157.323
157.244
156.503
156.439
157.057
156.732
157.208
157.208
154.075
157.086
156.423
156.272
156.777
156.609
156.584
157.61
153.934
111.906
