126.739
115.471
116.742
112.309
111.055
108.381
108.29
109.14
108.547
104.983
102.077
101.477
103.331
105.334
108.813
108.206
105.521
104.968
104.316
106.113
104.805
102.727
108.496
109.795
110.239
111.816
113.199
118.141
118.868
121.082
127.752
128.65
137.669
126.255
140.684
146.494
134.514
140.585
146.632
142.912
147.866
145.551
158.173
150.192
151.373
163.365
142.66
150.737
160.141
151.294
151.364
155.471
157.084
156.509
155.021
156.444
144.46
151.323
158.225
160.402
174.643
171.701
161.876
163.656
171.358
171.594
165.965
161.77
172.561
146.09
170.524
157.929
152.255
164.272
143.248
168.527
145.184
170.823
143.313
166.002
150.843
159.91
161.63
154.087
160.377
156.008
161.202
153.955
156.287
148.579
153.442
147.084
157.747
152.571
119.287
96.2608
