127.204
112.411
114.621
117.597
110.594
112.864
110.946
111.135
109.888
108.852
103.181
101.65
103.827
106.286
111.71
108.984
108.041
106.392
106.298
107.832
108.029
103.224
110.451
112.847
110.085
114.646
114.912
118.808
125.84
121.851
118.894
136.841
130.881
135.231
148.098
140.323
127.093
153.466
142.129
143.764
159.916
146.47
134.971
153.538
177.636
143.761
151.974
167.059
153.565
137.434
152.029
173.741
138.367
154.675
174.927
174.59
150.273
172.751
143.3
156.645
174.894
146.83
150.956
174.389
151.44
163.546
164.261
181.76
167.498
158.466
161.472
177.229
157.083
166.412
158.517
161.041
177.447
184.262
161.581
173.744
172.49
152.051
173.585
141.963
153.739
176.571
148.19
153.933
176.821
140.884
149.098
151.627
172.075
175.689
142.762
99.9273
