128.279
114.687
117.238
116.931
114.713
112.805
113.036
112.92
112.168
107.831
103.74
102.609
104.453
108.238
114.014
111.416
107.559
107.637
108.134
108.847
108.445
105.054
112.133
114.203
115.31
116.431
119.848
122.295
125.037
130.346
134.973
138.605
139.94
145.055
149.334
151.119
153.591
152.498
155.2
157.24
158.188
160.886
169.064
172.392
169.999
167.929
157.426
167.007
170.796
170.758
168.942
166.465
165.794
173.203
154.274
165.992
167.182
169.269
172.165
167.569
165.603
160.069
163.229
162.208
164.095
161.088
166.037
167.175
163.944
164.246
165.656
161.787
163.842
163.278
162.692
161.535
179.415
167.211
166.349
154.909
163.766
168.808
169.488
171.822
175.471
162.708
162.01
171.02
166.769
167.209
165.103
169.653
165.817
157.85
129.505
99.7742
