0.0138487
0.0166957
0.0212555
0.0203292
0.017139
0.0158383
0.0147842
0.020209
0.0171507
0.0183192
0.0195056
0.0140317
0.0174525
0.0188585
0.0207971
0.0162545
0.0150401
0.020576
0.0169039
0.176197
1.22085
0.0670292
0.0160341
0.0191978
0.0218391
0.0191062
0.0207201
0.0186069
0.0203115
0.0172486
0.0193118
0.390704
0.0957353
0.0199224
0.187392
0.0157684
0.0175445
0.0193359
0.0212252
0.0169728
0.015208
0.0186148
0.0209589
0.018691
0.0206577
0.0175141
0.0182507
0.0215359
0.0237975
0.327166
0.0156593
0.0166139
0.016692
0.981087
1.37847
0.0219576
0.0203241
0.0149631
0.0204626
0.0223613
0.0168027
0.0161083
0.0771857
0.0802602
0.0186776
0.0211308
0.016737
0.0147495
0.0559484
0.508713
0.0734655
0.292006
3.37021
2.01236
0.019449
0.0210527
0.0188838
0.0216172
0.0174673
0.0167629
0.0160451
0.129212
0.0233473
0.020171
0.0163701
0.40313
0.125972
0.0222861
0.0219009
0.02241
0.0229125
0.0205677
0.0156014
0.0184701
0.018917
0.0193382
