0.0144036
0.0134815
0.0130356
0.0128107
0.0127377
0.0126268
0.0124982
0.0127467
0.0127625
0.0128089
0.0126157
0.0127965
0.0132377
0.0130084
0.0129149
0.0131612
0.0131546
0.0132682
0.0136144
0.0167851
0.0169956
0.0142179
0.0160016
0.0151194
0.0146147
0.014759
0.014182
0.0139354
0.0135614
0.0137143
0.0143406
0.0167574
0.0186927
0.014728
0.0157862
0.0147412
0.0145433
0.0149376
0.0144642
0.0147994
0.0151309
0.0183179
0.0178012
0.018497
0.0180195
0.018718
0.0184458
0.0186956
0.0214459
0.0212122
0.0192524
0.0232175
0.206034
1.78711
1.12157
0.0232308
0.0242987
0.0240185
0.03309
0.0250048
0.0253644
0.0590487
0.283216
0.0241245
0.02261
0.0229199
0.0231169
0.0231359
0.0943658
0.956245
0.269046
0.665604
4.95261
7.96215
0.0435449
0.0237896
0.0232894
0.0222993
0.0220462
0.0226845
0.0569379
1.56618
0.258844
0.0198588
0.0215837
0.357107
0.0161897
0.0182996
0.0178756
0.0184488
0.0184881
0.0149228
0.0146509
0.0142244
0.0147207
0.52777
