0.0195923
0.0136085
0.0128844
0.0125151
0.0125952
0.0126334
0.0124808
0.0124382
0.0126511
0.0124241
0.0126935
0.0128402
0.0128413
0.0129714
0.0128587
0.0126773
0.0126175
0.0128418
0.0130332
0.0151384
0.0146461
0.0136156
0.0146723
0.0147785
0.0143474
0.014706
0.0139127
0.0134938
0.0134742
0.0135632
0.0144086
0.0152922
0.0151391
0.0150805
0.0154898
0.0148451
0.0152007
0.0190051
0.0176933
0.0176775
0.0180844
0.0180048
0.0177962
0.0176893
0.017857
0.0183059
0.0226897
0.025333
0.0370208
0.580867
0.023692
0.0236198
0.44275
4.64144
10.9485
3.3759
0.0230508
0.0234722
0.0333759
0.0259764
0.0249003
0.0932343
1.21901
0.922288
0.0228041
0.0224042
0.0224223
0.0220926
0.115678
3.08135
5.90658
1.18234
7.68234
12.4607
1.04493
0.0184458
0.0183887
0.0176858
0.0180195
0.017916
0.0187352
0.0267145
0.0144432
0.0139304
0.0156787
0.0158487
0.0145347
0.0135144
0.0136838
0.0139866
0.0142525
0.0150956
0.0150049
0.014118
0.0146238
0.0140313
