0.0236175
0.021368
0.0212472
0.0212966
0.0220087
0.0215258
0.0214286
0.0213813
0.0213438
0.0213075
0.0215806
0.0217658
0.0219115
0.021891
0.0219338
0.0215768
0.0213687
0.0213613
0.0213785
0.773379
4.74029
2.90111
0.89176
2.66439
0.0519583
0.0243974
0.0223943
0.0227629
0.0215364
0.0223636
0.0222449
0.50206
3.52109
4.12005
0.873697
0.191431
0.0237607
0.0391149
0.0228373
0.0238082
0.0240944
0.0223703
0.0224291
0.0220961
0.021614
0.0231013
0.022425
0.0234393
0.0445186
0.513252
0.0233506
0.0230014
0.32521
4.10215
10.907
3.9265
0.0221466
0.023143
0.0313836
0.0232581
0.0236416
0.10115
1.75412
2.90014
0.033465
0.0225273
0.0221042
0.0220229
0.101688
2.87574
5.85669
1.33607
7.66863
10.9041
0.0221701
0.0227697
0.0225609
0.0221296
0.0219686
0.0220174
0.0768802
3.05333
6.89324
0.233805
0.205436
3.53993
8.34102
0.315076
0.022524
0.0223971
0.0228215
0.0265052
0.024416
0.0234828
0.0234075
0.0233811
