0.0179536
0.0181958
0.0189636
0.0163413
0.0181306
0.0176418
0.0181452
0.0177946
0.0162073
0.0171754
0.0188654
0.0166546
0.0189011
0.0172822
0.0184027
0.017754
0.0171078
0.0192605
0.0176745
0.372821
0.0566611
0.0190805
0.0205289
0.0152756
0.0163088
0.0208751
0.0167936
0.0175741
0.0184646
0.0180477
0.0186819
0.0433944
0.254855
0.020869
0.102473
0.0202604
0.017063
0.0212248
0.0183678
0.0198836
0.0215321
0.0157249
0.0192311
0.0188968
0.017362
0.0205026
0.0173859
0.0193245
0.0296188
0.0256846
0.0181871
0.0201184
0.209065
1.77752
2.61175
0.0173564
0.0183464
0.0191632
0.022868
0.0175629
0.0200126
0.0233923
0.311807
0.0205302
0.0207264
0.0173183
0.0194161
0.0204535
0.0370036
0.880056
0.0231416
0.601209
5.27127
6.91211
0.042907
0.0187245
0.0158589
0.0192467
0.0191364
0.0175614
0.0265485
0.0234497
0.0241867
0.0192238
0.0370619
1.63715
1.44602
0.0167251
0.0158511
0.0154564
0.0166894
0.019602
0.0189278
0.0143529
0.0142381
0.0190266
