0.0177897
0.0211727
0.0211241
0.0209674
0.0213378
0.0211707
0.0210343
0.0213805
0.0215044
0.021682
0.0212352
0.0217448
0.0216433
0.0218673
0.0221487
0.0214168
0.0215012
0.0219076
0.0215302
0.251083
0.0730804
0.0230984
0.442618
0.023637
0.0227805
0.0259476
0.0223909
0.0215904
0.0216928
0.0215555
0.0222248
0.213299
0.10386
0.0252208
0.130069
0.0346963
0.0236667
0.0313927
0.0224093
0.0237118
0.0239662
0.0219355
0.0216256
0.0214842
0.0218816
0.0224736
0.0216082
0.0236777
0.0372141
0.231702
0.0200672
0.0225506
0.284859
0.506197
0.0276708
0.0224779
0.0218367
0.0220351
0.0324778
0.0232028
0.0239234
0.0552561
0.31498
0.0241744
0.0220959
0.0220462
0.0217949
0.0220951
0.0605521
0.431864
0.022746
0.705592
0.303645
0.022121
0.0219153
0.0221236
0.0232034
0.0213893
0.0216347
0.0213489
0.102571
0.204669
0.0239777
0.0226528
0.120968
0.354286
0.12564
0.0224794
0.0219663
0.0227904
0.0225452
0.0242401
0.0254058
0.0229456
0.0229056
0.0228111
